,meanCPUUsage,CMU,AssignMem,unmap_page_cache_memory_ussage,page_cache_usage,mean_local_disk_space,timeStamp
meanCPUUsage,1.0,0.734719726451,0.608062126192,0.838327592087,0.839916709348,0.709464543879,-0.0305718305492
CMU,0.734719726451,1.0,0.980840706211,0.908022548116,0.92150619784,0.677659543587,0.00319898498041
AssignMem,0.608062126192,0.980840706211,1.0,0.848191132418,0.863683459085,0.612069960318,0.00980216788594
unmap_page_cache_memory_ussage,0.838327592087,0.908022548116,0.848191132418,1.0,0.999089383641,0.781642425119,-0.0732733197237
page_cache_usage,0.839916709348,0.92150619784,0.863683459085,0.999089383641,1.0,0.777953093127,-0.0610619505779
mean_local_disk_space,0.709464543879,0.677659543587,0.612069960318,0.781642425119,0.777953093127,1.0,0.0883193833912
timeStamp,-0.0305718305492,0.00319898498041,0.00980216788594,-0.0732733197237,-0.0610619505779,0.0883193833912,1.0
